40
3 284 3 334 0.5863 133
3 289 3 334 0.3754 120
114 93 113 125 0.9596 68
138 347 139 366 0.9568 10
142 87 141 120 0.9881 74
144 417 144 451 0.9867 79
146 79 146 112 0.9646 74
159 215 159 232 0.8709 10
164 79 163 112 0.9896 74
170 344 169 363 0.9853 10
172 418 173 452 0.9766 79
176 195 176 219 0.9824 10
179 220 178 237 0.9940 10
179 425 179 459 0.9801 79
187 337 187 356 0.9104 10
192 401 193 434 0.9768 74
198 420 198 454 0.9488 79
203 239 204 255 0.8864 10
203 418 204 452 0.9795 79
211 311 211 329 0.9459 10
264 221 265 238 0.9342 10
286 315 286 333 0.9660 10
291 361 292 386 0.9591 18
293 313 296 331 0.5092 10
295 74 292 106 0.9380 68
295 382 296 405 0.9790 10
297 322 299 349 0.9383 35
298 329 299 349 0.9820 10
306 218 307 236 0.9746 10
313 216 313 233 0.9166 10
314 78 313 110 0.9516 68
320 406 321 440 0.9701 79
322 83 321 115 0.9487 68
322 312 323 330 0.9515 10
342 212 342 230 0.9864 10
343 398 345 431 0.9765 74
348 381 350 404 0.9667 10
348 393 350 426 0.9846 74
354 210 355 227 0.9704 10
364 309 366 328 0.9010 10
