245
198 5
34 8
224 10
219 11
232 11
193 12
185 13
216 17
182 24
201 24
225 25
212 26
39 27
234 28
173 29
199 32
221 37
192 38
183 39
212 42
178 43
73 44
161 44
203 44
18 48
152 48
159 51
222 52
203 53
212 53
185 57
208 60
172 61
159 62
229 66
177 67
35 75
174 75
165 80
38 86
221 119
232 119
207 122
176 123
8 124
159 124
199 126
224 126
125 127
186 127
116 129
207 131
154 132
223 133
185 135
127 136
206 137
214 138
233 138
143 140
162 140
177 140
205 144
232 144
171 145
141 147
227 150
216 152
192 153
109 154
114 155
193 158
161 159
223 159
232 159
173 160
201 160
99 164
187 166
213 166
177 167
193 168
202 170
167 172
233 174
155 176
216 178
222 178
124 179
165 180
195 180
207 181
170 182
127 187
177 187
205 187
218 187
184 191
192 191
211 193
105 194
122 194
158 195
223 198
183 199
96 200
133 201
126 202
206 202
214 203
147 204
152 204
220 205
228 205
173 207
197 209
77 211
213 211
150 213
109 214
190 214
197 216
232 216
213 220
219 220
139 221
154 222
69 225
129 225
188 225
211 226
104 227
111 230
221 230
117 232
123 232
184 232
17 235
233 235
145 236
209 236
201 237
210 241
72 244
158 244
234 244
151 245
100 246
186 251
205 252
216 253
175 254
231 254
154 256
66 258
198 259
146 260
217 260
180 264
204 265
141 266
191 268
213 270
224 271
181 273
151 274
144 275
132 278
221 278
95 279
206 280
188 281
199 281
214 281
119 282
96 285
168 285
144 286
192 286
158 288
220 289
178 290
206 291
115 294
147 297
223 297
91 299
99 299
105 299
212 299
116 300
198 302
190 303
183 304
147 306
207 306
219 306
94 307
139 307
192 310
231 310
108 312
214 314
65 316
178 316
137 319
187 320
219 320
207 323
195 324
190 326
180 327
59 329
67 330
108 330
169 330
200 330
223 332
141 333
190 333
51 334
57 335
227 339
233 340
136 341
167 341
193 341
208 341
213 341
56 342
176 342
199 344
64 346
205 348
101 351
175 351
196 351
77 352
131 352
155 352
181 352
216 352
222 352
141 353
232 353
