245
8 124 10 119 0.8470 85
17 235 17 234 0.8587 10
18 48 18 129 0.0689 131
34 8 35 5 0.5394 52
35 75 36 71 0.9224 72
38 86 39 82 0.8594 72
39 27 36 71 0.5954 128
51 334 51 333 0.8922 10
57 335 57 334 0.8676 10
59 329 59 328 0.8962 10
64 346 64 345 0.9319 10
65 316 69 224 0.4073 131
66 258 66 257 0.9266 10
67 330 67 329 0.9276 10
69 225 69 224 0.8807 10
73 44 73 42 0.8615 11
77 211 77 210 0.9449 10
77 352 76 353 0.6257 10
91 299 90 298 0.1419 10
94 307 94 306 0.9010 10
95 279 95 278 0.8739 10
96 285 96 284 0.8972 10
99 164 99 163 0.8496 10
99 299 99 298 0.9540 10
100 246 100 245 0.8804 10
101 351 103 349 0.4572 11
105 194 108 329 0.7160 132
105 299 105 298 0.9800 10
108 312 113 164 0.2190 132
108 330 108 329 0.9376 10
109 154 109 153 0.8886 10
109 214 109 213 0.8640 10
111 230 111 229 0.9345 10
114 155 114 154 0.9146 10
115 294 113 301 0.4765 99
116 129 111 229 0.4302 131
116 300 119 281 0.4231 121
117 232 117 231 0.9538 10
119 282 119 281 0.8493 10
122 194 124 80 0.3918 132
125 127 124 179 0.8152 129
126 202 126 201 0.9175 10
127 136 127 135 0.8989 10
127 187 127 186 0.9150 10
129 225 124 179 0.8761 128
132 278 132 269 0.2066 106
133 201 133 200 0.9087 10
136 341 136 340 0.8729 10
139 221 141 332 0.0014 132
139 307 139 306 0.8787 10
141 147 141 146 0.8273 10
141 266 141 265 0.9037 10
141 333 141 332 0.8957 10
141 353 141 352 0.8786 10
143 140 147 296 0.4225 132
144 275 144 273 0.7584 11
144 286 141 352 0.3784 130
145 236 145 235 0.8319 10
147 204 147 202 0.6710 11
147 297 147 296 0.8957 10
147 306 147 305 0.9100 10
150 213 150 212 0.8794 10
151 245 151 244 0.8073 10
151 274 151 272 0.7642 11
152 48 152 47 0.8438 10
154 132 159 50 0.2450 131
154 222 151 272 0.4746 129
154 256 154 187 0.5316 130
155 176 155 175 0.9380 10
155 352 153 220 0.5399 132
158 195 158 194 0.8884 10
158 244 158 242 0.8596 11
158 288 158 286 0.9011 11
159 51 159 50 0.9063 10
159 62 159 61 0.8292 10
159 124 159 120 0.7212 72
161 44 160 43 0.6566 10
161 159 161 158 0.9094 10
162 140 162 139 0.8970 10
165 80 160 43 0.4331 127
165 180 165 179 0.8654 10
167 172 167 171 0.8895 10
167 341 166 339 0.4844 11
168 285 167 171 0.4745 132
169 330 169 328 0.9469 11
170 182 170 180 0.7900 11
171 145 170 143 0.5802 11
172 61 175 252 0.5067 132
173 29 170 143 0.3410 132
173 160 173 159 0.7718 10
173 207 173 205 0.8560 11
174 75 174 74 0.7311 10
175 254 175 252 0.9123 11
175 351 178 313 0.4298 127
176 123 176 353 0.6645 133
176 342 176 340 0.8663 11
177 67 176 66 0.6183 10
177 140 177 138 0.8061 11
177 167 177 165 0.8283 11
177 187 177 186 0.6870 10
178 43 183 299 0.1149 133
178 290 176 340 0.6072 129
178 316 178 313 0.8679 52
180 264 180 262 0.9175 11
180 327 180 325 0.8429 11
181 273 176 66 0.5357 133
181 352 177 122 0.3387 133
182 24 182 23 0.8850 10
183 39 183 38 0.7849 10
183 199 183 198 0.7905 10
183 304 178 313 0.3984 106
184 191 180 262 0.4782 130
184 232 184 230 0.8919 11
185 13 185 11 0.8473 11
185 57 188 279 0.2649 133
185 135 185 134 0.8480 10
186 127 186 126 0.8214 10
186 251 186 249 0.9190 11
187 166 187 164 0.8706 11
187 320 183 38 0.5540 133
188 225 188 223 0.9024 11
188 281 188 279 0.9032 11
190 214 190 212 0.8215 11
190 303 190 301 0.8475 11
190 326 190 323 0.8611 52
190 333 188 279 0.6056 129
191 268 186 249 0.5086 121
192 38 193 352 0.3022 133
192 153 192 151 0.9018 11
192 191 192 189 0.8031 11
192 286 193 338 0.4610 129
192 310 193 352 0.3479 128
193 12 193 10 0.8597 11
193 158 190 265 0.2822 131
193 168 193 167 0.8258 10
193 341 193 338 0.8550 52
195 180 195 178 0.8658 11
195 324 192 115 0.6096 133
196 351 198 300 0.5652 129
197 209 197 207 0.7501 11
197 216 197 215 0.7158 10
198 5 198 263 0.3996 133
198 259 198 257 0.8974 11
198 302 198 300 0.8300 11
199 32 199 31 0.7677 10
199 126 198 263 0.4666 132
199 281 198 279 0.5956 11
199 344 199 342 0.8643 11
200 330 200 327 0.8955 52
201 24 197 215 0.4705 132
201 160 201 158 0.8699 11
201 237 201 234 0.8751 52
202 170 202 168 0.9271 11
203 44 204 263 0.6070 133
203 53 201 234 0.5261 132
204 265 204 263 0.8828 11
205 144 206 199 0.5862 129
205 187 206 277 0.4163 131
205 252 205 250 0.8685 11
205 348 207 320 0.5820 125
206 137 206 135 0.7731 11
206 202 206 199 0.8967 52
206 280 206 277 0.8423 52
206 291 206 288 0.9044 52
207 122 207 120 0.8928 11
207 131 211 190 0.6184 130
207 181 207 179 0.8492 11
207 306 207 302 0.6345 72
207 323 207 320 0.9297 52
208 60 208 58 0.9303 11
208 341 206 199 0.4362 132
209 236 213 346 0.6991 132
210 241 210 238 0.7969 52
211 193 211 190 0.8991 52
211 226 211 223 0.8867 52
212 26 217 257 0.7080 133
212 42 208 58 0.3003 118
212 53 212 51 0.9520 11
212 299 212 296 0.9309 52
213 166 213 163 0.8504 52
213 211 216 352 0.2225 132
213 220 214 279 0.7068 130
213 270 213 268 0.8130 11
213 341 217 113 0.5807 133
214 138 219 303 0.6783 132
214 203 214 201 0.7671 11
214 281 214 279 0.8915 11
214 314 218 184 0.4058 132
216 17 216 15 0.9457 11
216 152 215 150 0.4981 11
216 178 216 175 0.8619 52
216 253 217 323 0.5247 130
217 260 217 257 0.9126 52
218 187 218 184 0.8786 52
219 11 219 9 0.9182 11
219 220 219 217 0.8839 52
219 306 219 303 0.9222 52
219 320 219 317 0.7721 52
220 205 220 202 0.7605 52
220 289 221 275 0.6140 116
221 37 221 34 0.8930 52
221 119 217 323 0.5063 133
221 230 219 9 0.4944 133
221 278 221 275 0.8539 52
222 52 223 195 0.4499 132
222 178 222 176 0.8903 11
222 352 223 328 0.6024 124
223 133 224 8 0.2628 132
223 159 223 195 0.4682 127
223 198 223 195 0.7695 52
223 297 223 294 0.9268 52
223 332 223 328 0.8413 72
224 10 224 8 0.9320 11
224 126 222 345 0.6872 133
224 271 224 268 0.9291 52
225 25 221 29 0.5001 72
227 150 227 147 0.9044 52
227 339 227 336 0.8618 52
228 205 227 201 0.5937 72
229 66 229 61 0.8302 85
231 254 232 116 0.6679 132
231 310 231 306 0.8348 72
232 11 232 9 0.9004 11
232 119 232 116 0.7517 52
232 144 229 14 0.6885 132
232 159 232 116 0.5259 128
232 216 232 214 0.7894 11
232 353 235 352 0.7357 10
233 138 232 214 0.5747 131
233 174 229 270 0.5654 131
233 235 229 61 0.4385 132
233 340 231 306 0.6376 127
234 28 233 156 0.5754 132
234 244 231 142 0.4061 131
