267
35 5
224 8
219 9
232 9
193 10
185 11
229 14
195 15
216 15
182 23
211 24
235 25
221 29
199 31
221 34
210 37
141 38
183 38
189 38
174 40
73 42
217 42
160 43
16 45
152 47
224 49
159 50
212 51
175 54
186 54
208 58
171 59
159 61
195 61
229 61
176 66
203 66
36 71
174 74
160 75
117 77
124 80
39 82
223 112
217 113
202 114
192 115
180 116
232 116
10 119
141 120
159 120
207 120
130 122
177 122
186 126
100 127
225 128
18 129
58 132
230 132
185 134
127 135
206 135
215 135
177 138
162 139
204 141
231 142
170 143
128 144
141 146
227 147
202 148
215 150
192 151
109 153
114 154
233 156
161 158
201 158
173 159
104 160
223 160
99 163
213 163
113 164
187 164
177 165
193 167
202 168
167 171
235 172
155 175
216 175
222 176
181 178
195 178
124 179
165 179
207 179
170 180
218 184
127 186
177 186
154 187
186 189
192 189
211 190
134 192
199 192
104 194
121 194
158 194
223 195
183 198
206 199
96 200
133 200
126 201
214 201
227 201
147 202
220 202
235 203
83 204
152 204
173 205
197 207
77 210
216 211
150 212
190 212
109 213
232 214
197 215
219 217
212 218
153 220
105 222
188 223
211 223
69 224
104 227
224 228
111 229
184 230
210 230
117 231
123 232
196 232
17 234
201 234
231 234
145 235
210 238
199 241
158 242
72 244
151 244
100 245
186 249
205 250
219 250
175 252
146 253
230 253
157 254
66 257
198 257
217 257
146 260
180 262
198 263
204 263
141 265
190 265
213 268
224 268
132 269
182 270
229 270
151 272
144 273
167 274
132 275
221 275
206 277
95 278
188 279
198 279
214 279
119 281
96 284
146 284
167 284
179 284
193 284
219 285
158 286
206 288
228 289
138 290
117 293
190 293
204 294
223 294
147 296
212 296
90 298
99 298
105 298
183 299
198 300
113 301
190 301
207 302
219 303
147 305
94 306
139 306
231 306
112 309
187 310
203 310
178 313
219 317
137 319
207 320
190 323
217 323
180 325
200 327
59 328
169 328
223 328
67 329
108 329
88 330
191 330
141 332
162 332
51 333
172 333
57 334
227 336
154 338
193 338
166 339
212 339
136 340
176 340
55 342
199 342
64 345
204 345
222 345
213 346
103 349
114 352
131 352
141 352
193 352
216 352
235 352
76 353
176 353
