321
258 3
353 3
303 7
356 10
232 11
302 11
257 12
351 12
364 13
350 17
356 17
360 18
364 19
257 21
359 23
300 25
367 25
254 26
355 29
366 29
257 30
299 30
362 30
359 31
255 39
227 42
298 43
255 49
353 49
298 50
176 57
255 58
298 60
356 60
299 65
357 66
256 67
207 68
339 69
332 71
224 74
340 74
255 75
304 77
331 77
183 78
176 79
252 79
351 80
307 82
186 83
196 83
329 84
183 85
256 85
360 86
207 87
319 91
361 91
256 93
360 96
328 98
251 102
255 103
337 103
351 103
250 105
355 106
235 108
176 109
198 110
353 114
335 115
267 116
212 117
365 117
273 118
204 119
339 119
293 122
359 122
362 122
252 123
349 123
354 125
220 126
150 129
338 130
315 136
95 139
108 141
102 143
88 144
302 144
367 146
86 148
313 149
88 151
141 153
155 154
319 154
86 155
145 155
151 156
105 157
328 160
190 161
272 161
139 162
143 163
228 163
314 165
344 166
223 171
222 176
306 176
212 177
310 180
220 182
87 188
283 188
358 189
284 191
361 194
338 195
351 196
365 198
139 199
276 199
84 200
352 203
64 204
341 205
87 206
131 206
135 206
145 206
365 206
141 207
284 210
339 210
345 210
23 211
87 211
134 211
140 211
144 215
345 215
362 215
86 216
178 216
363 218
130 219
136 219
22 220
140 220
178 221
359 221
306 223
333 223
342 224
138 225
303 225
354 225
321 227
336 227
361 230
315 231
324 232
367 233
340 235
317 237
344 241
359 243
318 244
341 245
86 246
27 247
358 247
318 248
344 249
87 250
333 251
296 252
324 252
349 252
283 253
317 253
358 253
86 255
364 257
126 258
133 258
303 258
230 259
121 260
248 261
277 261
128 262
132 262
254 262
302 262
66 263
258 263
169 269
255 269
124 270
119 271
129 271
134 271
216 273
308 273
363 275
352 276
207 277
346 280
356 283
347 284
362 288
303 290
354 291
364 291
92 292
146 295
361 295
114 297
118 297
358 304
350 307
146 308
125 309
135 310
149 310
113 311
330 311
340 311
366 311
335 313
357 313
334 316
350 316
131 319
194 319
327 320
339 321
345 321
333 322
349 322
331 325
358 325
146 326
200 328
251 328
355 329
365 329
145 330
241 330
244 330
328 330
339 331
278 332
288 333
333 333
186 334
356 334
362 334
197 335
328 336
308 338
337 338
115 341
343 342
72 343
149 344
354 344
367 345
342 348
326 349
335 352
341 352
346 352
367 352
116 354
320 355
331 357
119 359
365 361
343 362
295 363
352 364
154 368
145 369
137 373
273 376
115 379
233 383
251 383
241 385
195 388
240 391
249 391
198 396
198 402
290 404
170 420
74 421
151 424
197 426
186 434
200 435
245 436
252 436
167 437
185 437
197 443
169 446
197 450
306 453
349 453
183 454
313 454
