235
64 235 64 204 0.9562 96
66 292 66 263 0.9450 93
84 230 84 200 0.9616 95
86 180 86 148 0.9650 97
86 187 86 155 0.9832 97
86 249 86 216 0.9755 99
87 176 88 144 0.9410 97
87 184 88 151 0.9027 99
87 221 87 188 0.9279 99
87 233 87 211 0.9753 80
87 238 87 206 0.9870 97
87 244 87 211 0.9813 99
112 339 113 311 0.9732 92
114 333 114 297 0.9520 102
115 374 115 341 0.9703 99
115 419 115 379 0.9535 105
119 395 119 359 0.9729 102
121 338 125 309 0.9393 93
126 291 126 258 0.9978 99
130 353 131 319 0.9886 100
131 239 131 206 0.9966 99
136 252 136 219 0.9966 99
137 339 135 310 0.9268 93
137 410 137 373 0.9051 103
140 244 140 211 0.9969 99
141 240 141 207 0.9959 99
143 196 143 163 0.9986 99
144 248 144 215 0.9977 99
145 188 145 155 0.9983 99
145 239 145 206 0.9965 99
145 341 146 295 0.8463 109
146 326 146 295 0.9784 96
146 366 146 326 0.9625 105
148 378 149 344 0.7479 100
149 337 149 310 0.9398 90
151 189 151 156 0.9978 99
154 404 154 368 0.9909 102
184 370 186 334 0.9864 102
189 195 190 161 0.6815 100
196 122 196 83 0.9695 104
197 371 197 335 0.9198 102
199 147 198 110 0.9889 103
200 9 195 388 0.7352 133
204 154 204 119 0.9521 101
207 108 212 117 0.8066 10
207 128 207 87 0.9962 106
219 4 224 74 0.5560 119
220 305 216 273 0.8040 97
221 215 220 182 0.9868 99
223 4 224 74 0.4550 119
223 209 222 176 0.9845 99
224 114 224 74 0.9413 105
224 205 223 171 0.9804 100
227 201 228 163 0.9253 104
232 47 232 11 0.9800 102
240 431 240 391 0.9381 105
248 35 250 105 0.9285 119
248 300 248 261 0.9781 104
249 432 249 391 0.9726 106
251 140 250 105 0.9588 101
252 33 256 93 0.5330 116
253 21 254 26 0.8294 10
253 122 254 26 0.9284 123
253 135 255 75 0.8648 116
254 91 256 85 0.9054 10
254 301 254 262 0.9893 104
255 98 255 75 0.9468 82
255 108 257 12 0.9600 123
255 144 257 12 0.9345 127
256 71 257 30 0.9290 106
256 80 257 21 0.9569 115
256 116 256 93 0.9615 82
256 126 256 85 0.9693 106
257 35 256 67 0.9577 97
257 53 257 30 0.9577 82
257 62 257 21 0.9463 106
258 7 255 58 0.9040 112
258 16 256 67 0.9321 112
258 25 255 58 0.9097 99
258 44 257 21 0.9442 82
258 302 258 263 0.9430 104
267 157 267 116 0.9467 106
272 159 273 118 0.9378 106
272 199 272 161 0.9947 104
273 441 273 376 0.7432 117
276 238 276 199 0.9651 104
277 302 277 261 0.9884 106
278 375 278 332 0.9657 107
284 231 284 191 0.9623 105
284 250 284 210 0.9422 105
295 293 296 252 0.9375 106
298 103 300 25 0.9779 120
298 108 299 65 0.9386 107
300 72 302 11 0.9574 116
300 121 298 60 0.9369 116
301 68 303 7 0.9746 116
301 126 299 65 0.9478 116
304 54 299 30 0.9691 85
305 201 310 180 0.4528 77
305 266 303 225 0.6601 106
306 48 303 7 0.8889 106
306 235 306 176 0.8255 115
308 331 308 273 0.9256 115
312 238 310 180 0.9874 115
313 207 313 149 0.9566 115
313 223 317 253 0.9125 95
314 277 315 231 0.9003 109
316 142 315 136 0.7991 10
317 284 317 237 0.9922 110
317 301 317 253 0.9132 110
318 291 318 244 0.9941 110
318 294 318 248 0.9415 109
319 219 319 154 0.8482 117
319 222 324 252 0.7853 95
320 422 320 355 0.8486 118
321 274 321 227 0.9280 110
324 278 324 232 0.9829 109
326 307 331 77 0.8260 131
327 209 328 336 0.6740 127
327 369 327 320 0.9913 111
328 379 328 330 0.9821 111
328 385 328 336 0.9799 111
329 135 332 71 0.9281 117
329 151 326 349 0.6848 130
329 388 334 316 0.6339 119
330 44 333 223 0.6341 129
330 307 333 251 0.8876 114
331 205 328 98 0.6810 125
332 122 331 77 0.9444 109
332 375 330 311 0.6966 117
333 268 333 223 0.9894 109
333 371 333 322 0.9408 111
333 382 333 333 0.9360 111
334 365 334 316 0.9005 111
334 409 339 321 0.7806 122
335 160 335 115 0.9690 109
335 307 333 251 0.7439 114
336 116 339 69 0.9523 110
336 207 331 357 0.6784 128
336 271 336 227 0.8874 108
336 390 341 352 0.8050 104
336 419 340 311 0.8006 125
337 28 340 74 0.9480 109
337 177 339 331 0.7214 128
337 387 337 338 0.8425 111
338 23 339 69 0.7700 109
338 40 339 69 0.8346 93
338 47 333 251 0.7520 130
338 120 340 74 0.8691 109
338 167 336 227 0.7585 116
338 186 340 74 0.6582 125
338 306 335 313 0.6248 10
339 9 340 74 0.8666 117
339 155 339 69 0.5994 122
339 229 344 166 0.5348 117
339 370 339 321 0.7795 111
340 4 339 69 0.8066 117
340 282 340 235 0.7016 110
341 299 341 352 0.7402 113
341 403 341 352 0.9740 112
342 251 338 195 0.7961 114
343 393 343 342 0.9902 112
345 262 345 210 0.7728 112
345 340 346 280 0.7343 116
346 430 343 362 0.7780 118
347 346 347 284 0.9891 116
348 377 351 80 0.6052 132
349 197 351 80 0.5190 126
349 253 352 276 0.6124 82
350 235 347 284 0.6258 111
350 263 350 17 0.5073 131
350 309 351 80 0.8729 131
350 371 350 307 0.9693 117
351 39 356 17 0.7932 80
351 79 353 3 0.8763 120
351 134 351 80 0.9232 113
351 341 350 17 0.5386 132
351 381 347 284 0.8702 123
352 48 349 123 0.6706 120
352 162 356 60 0.5611 124
352 406 354 225 0.7880 129
353 58 353 3 0.9639 114
353 105 353 49 0.9355 114
353 116 356 17 0.8602 124
353 291 354 225 0.7578 117
353 336 352 276 0.6921 116
353 395 349 123 0.6770 132
354 91 356 17 0.7064 120
354 287 349 123 0.8230 129
354 352 354 291 0.8289 116
354 400 350 307 0.8065 123
355 127 356 334 0.8073 130
356 27 358 304 0.6245 132
356 52 359 31 0.8985 77
356 85 358 304 0.6087 131
356 165 352 364 0.6558 130
356 345 356 283 0.9868 116
356 365 352 276 0.8284 122
356 403 357 313 0.8014 122
357 95 359 31 0.7474 117
357 155 359 243 0.4832 122
357 192 361 295 0.6839 124
357 318 358 189 0.4375 127
357 380 357 313 0.8760 118
358 183 359 221 0.6462 104
358 250 358 189 0.9210 116
359 90 359 23 0.9172 118
359 130 356 60 0.5718 119
359 288 359 221 0.9419 118
359 305 359 243 0.8976 116
359 370 361 230 0.5929 127
360 85 360 18 0.9087 118
360 160 360 96 0.8775 117
360 394 355 29 0.7910 133
361 155 361 91 0.8542 117
361 256 361 194 0.7667 116
361 296 361 230 0.6976 117
361 326 361 194 0.7061 127
362 318 362 288 0.4989 95
362 403 362 334 0.9609 118
363 49 362 30 0.8122 71
364 80 364 13 0.9551 118
364 86 364 19 0.9625 118
364 187 362 215 0.6972 92
364 214 359 23 0.7951 130
364 277 362 334 0.4525 114
364 329 363 218 0.7274 125
364 355 364 291 0.8570 117
364 367 362 30 0.8093 133
365 190 363 275 0.5781 122
365 336 360 96 0.5225 131
365 380 362 334 0.6810 109
365 397 365 329 0.9628 118
366 46 364 257 0.8476 130
366 95 366 29 0.9477 117
