238
219 4
223 4
340 4
258 7
200 9
339 9
258 16
253 21
338 23
258 25
356 27
337 28
367 28
252 33
248 35
257 35
351 39
338 40
258 44
330 44
366 46
232 47
338 47
306 48
352 48
363 49
356 52
257 53
304 54
353 58
257 62
301 68
256 71
300 72
351 79
256 80
364 80
356 85
360 85
364 86
359 90
254 91
354 91
357 95
366 95
255 98
298 103
353 105
207 108
255 108
298 108
224 114
256 116
336 116
353 116
338 120
300 121
196 122
253 122
332 122
256 126
301 126
355 127
207 128
359 130
351 134
253 135
329 135
251 140
316 142
255 144
199 147
329 151
204 154
339 155
357 155
361 155
267 157
272 159
335 160
360 160
352 162
356 165
338 167
87 176
337 177
86 180
358 183
87 184
338 186
86 187
364 187
145 188
151 189
365 190
357 192
189 195
143 196
349 197
272 199
227 201
305 201
224 205
331 205
313 207
336 207
223 209
327 209
364 214
221 215
319 219
87 221
319 222
313 223
339 229
84 230
284 231
87 233
64 235
306 235
350 235
87 238
276 238
312 238
131 239
145 239
141 240
87 244
140 244
144 248
86 249
284 250
358 250
342 251
136 252
349 253
361 256
345 262
350 263
305 266
333 268
336 271
321 274
314 277
364 277
324 278
340 282
317 284
354 287
359 288
126 291
318 291
353 291
66 292
295 293
318 294
361 296
341 299
248 300
254 301
317 301
258 302
277 302
220 305
359 305
338 306
326 307
330 307
335 307
350 309
357 318
362 318
146 326
361 326
364 329
308 331
114 333
353 336
365 336
149 337
121 338
112 339
137 339
345 340
145 341
351 341
356 345
347 346
354 352
130 353
364 355
334 365
356 365
146 366
364 367
327 369
184 370
339 370
359 370
197 371
333 371
350 371
115 374
278 375
332 375
348 377
148 378
328 379
357 380
365 380
351 381
333 382
328 385
337 387
329 388
336 390
343 393
360 394
119 395
353 395
365 397
354 400
341 403
356 403
362 403
154 404
352 406
334 409
137 410
367 417
115 419
336 419
320 422
367 424
346 430
240 431
249 432
273 441
